5 2 3 10 100
TIMESTAMP 2
Player 0.9950 0/1/4
Head 1
1 1 1 1 1.0000
2 2 2 1 1.5000
3 2 2 1 1.5000
4 3 1 1 1.5000
5 3 1 1 1.5000
6 0 0 0 0.0000
7 0 0 0 0.0000
8 0 0 0 0.0000
9 0 0 0 0.0000
10 0 0 0 0.0000
Head 1
1 1 1 1 1.0000
2 2 2 1 1.5000
3 2 2 1 1.5000
4 3 1 1 1.5000
5 3 1 1 1.5000
6 0 0 0 0.0000
7 0 0 0 0.0000
8 0 0 0 0.0000
9 0 0 0 0.0000
10 0 0 0 0.0000
Head 2
1 1 1 1 1.0000
2 2 2 1 1.5000
3 2 2 1 1.5000
4 3 1 1 1.5000
5 3 1 1 1.5000
6 0 0 0 0.0000
7 0 0 0 0.0000
8 0 0 0 0.0000
9 0 0 0 0.0000
10 0 0 0 0.0000
