5 2 3 10 100
TIMESTAMP 3
Player 0.9950 0/1/6
Head 2
1 1 1 1 0.9950
2 2 2 2 2.9925
3 2 2 2 2.9925
4 3 1 2 2.9925
5 3 1 2 2.9925
6 0 0 0 0.0000
7 0 0 0 0.0000
8 0 0 0 0.0000
9 0 0 0 0.0000
10 0 0 0 0.0000
Head 1
1 1 1 1 0.9950
2 2 2 2 2.9925
3 2 2 2 2.9925
4 3 1 2 2.9925
5 3 1 2 2.9925
6 0 0 0 0.0000
7 0 0 0 0.0000
8 0 0 0 0.0000
9 0 0 0 0.0000
10 0 0 0 0.0000
Head 2
1 1 1 1 0.9950
2 2 2 2 2.9925
3 2 2 2 2.9925
4 3 1 2 2.9925
5 3 1 2 2.9925
6 0 0 0 0.0000
7 0 0 0 0.0000
8 0 0 0 0.0000
9 0 0 0 0.0000
10 0 0 0 0.0000
