5 2 3 10 100
TIMESTAMP 7
Player 0.9950 2/1/6
Head 4
1 1 1 1 0.9750
2 0 0 0 0.0000
3 0 0 0 0.0000
4 3 1 2 2.9325
5 3 1 2 2.9325
6 0 0 0 0.0000
7 0 0 0 0.0000
8 0 0 0 0.0000
9 0 0 0 0.0000
10 0 0 0 0.0000
Head 1
1 1 1 1 0.9750
2 0 0 0 0.0000
3 0 0 0 0.0000
4 3 1 2 2.9325
5 3 1 2 2.9325
6 0 0 0 0.0000
7 0 0 0 0.0000
8 0 0 0 0.0000
9 0 0 0 0.0000
10 0 0 0 0.0000
Head 2
1 1 1 1 0.9750
2 0 0 0 0.0000
3 0 0 0 0.0000
4 3 1 2 2.9325
5 3 1 2 2.9325
6 0 0 0 0.0000
7 0 0 0 0.0000
8 0 0 0 0.0000
9 0 0 0 0.0000
10 0 0 0 0.0000
