5 2 3 10 100
TIMESTAMP 4
Player 0.9950 2/1/6
Head 3
1 1 1 1 0.9900
2 0 0 0 0.0000
3 0 0 0 0.0000
4 3 1 2 2.9775
5 3 1 2 2.9775
6 0 0 0 0.0000
7 0 0 0 0.0000
8 0 0 0 0.0000
9 0 0 0 0.0000
10 0 0 0 0.0000
Head 1
1 1 1 1 0.9900
2 0 0 0 0.0000
3 0 0 0 0.0000
4 3 1 2 2.9775
5 3 1 2 2.9775
6 0 0 0 0.0000
7 0 0 0 0.0000
8 0 0 0 0.0000
9 0 0 0 0.0000
10 0 0 0 0.0000
Head 2
1 1 1 1 0.9900
2 0 0 0 0.0000
3 0 0 0 0.0000
4 3 1 2 2.9775
5 3 1 2 2.9775
6 0 0 0 0.0000
7 0 0 0 0.0000
8 0 0 0 0.0000
9 0 0 0 0.0000
10 0 0 0 0.0000
